msd: 0.00022595  0.000683867      36.1437      14.4638      55.0219      38.9465  

variance: 7.1429e-09  7.1429e-09  7.1429e-09  7.1429e-09  7.1429e-09  7.1429e-09